version https://git-lfs.github.com/spec/v1
oid sha256:716e025ed110467ec5a9672b73e53043903eca6d9d344f7332a848d97a3c6bba
size 4110
